time,open,high,low,close,tick_volume,spread,real_volume
2024-01-02,18.43,18.49,18.35,18.43,2786,1,0
2024-01-03,18.33,18.35,18.22,18.24,2975,1,0
2024-01-04,18.23,18.33,18.18,18.19,2457,1,0
2024-01-05,18.19,18.32,18.16,18.22,3830,1,0
2024-01-08,18.24,18.49,18.23,18.49,2752,1,0
2024-01-09,18.37,18.49,18.35,18.45,2074,1,0
2024-01-10,18.47,18.58,18.43,18.55,2024,1,0
2024-01-11,18.58,18.59,18.36,18.54,3421,1,0
2024-01-12,18.58,18.63,18.48,18.53,4175,1,0
2024-01-16,18.48,18.52,18.37,18.45,4336,1,0
2024-01-17,18.31,18.36,18.24,18.35,1776,1,0
2024-01-18,18.42,18.52,18.34,18.51,2902,1,0
2024-01-19,18.54,18.74,18.5,18.72,3219,1,0
2024-01-22,18.81,18.87,18.77,18.81,2225,1,0
2024-01-23,18.85,18.85,18.77,18.85,1613,1,0
2024-01-24,18.95,18.99,18.83,18.84,1883,1,0
2024-01-25,18.92,18.97,18.84,18.94,2386,1,0
2024-01-26,18.94,19.0,18.9,18.93,1980,1,0
2024-01-29,18.93,19.1,18.92,19.1,1409,0,0
2024-01-30,19.08,19.1,19.04,19.08,1456,1,0
2024-01-31,18.98,19.02,18.76,18.78,4467,1,0
2024-02-01,18.85,18.99,18.77,18.98,3294,1,0
2024-02-02,18.98,19.24,18.97,19.18,3433,1,0
2024-02-05,19.11,19.14,18.98,19.1,2776,1,0
2024-02-06,19.12,19.16,19.07,19.14,2247,1,0
2024-02-07,19.23,19.32,19.17,19.29,3713,1,0
2024-02-08,19.29,19.35,19.28,19.33,1932,1,0
2024-02-09,19.36,19.48,19.35,19.46,1217,0,0
2024-02-12,19.48,19.58,19.45,19.47,1497,1,0
2024-02-13,19.18,19.26,19.04,19.17,2251,1,0
2024-02-14,19.31,19.38,19.21,19.38,3001,1,0
2024-02-15,19.43,19.54,19.4,19.53,2364,1,0
2024-02-16,19.5,19.56,19.4,19.42,2681,1,0
2024-02-20,19.35,19.37,19.21,19.29,3111,1,0
2024-02-21,19.23,19.31,19.17,19.3,2888,1,0
2024-02-22,19.53,19.72,19.52,19.69,2924,0,0
2024-02-23,19.77,19.78,19.67,19.73,2145,1,0
2024-02-26,19.73,19.74,19.64,19.66,2332,1,0
2024-02-27,19.69,19.71,19.62,19.71,1980,1,0
2024-02-28,19.63,19.7,19.62,19.67,1841,1,0
2024-02-29,19.77,19.81,19.64,19.8,2312,1,0
2024-03-01,19.8,19.95,19.73,19.94,2255,0,0
2024-03-04,19.92,19.99,19.91,19.92,1277,1,0
2024-03-05,19.83,19.85,19.62,19.71,2559,1,0
2024-03-06,19.86,19.91,19.76,19.82,3696,1,0
2024-03-07,19.94,20.05,19.92,20.03,2579,1,0
2024-03-08,20.07,20.16,19.87,19.91,5991,1,0
2024-03-11,19.86,19.9,19.77,19.86,4313,1,0
2024-03-12,19.95,20.08,19.84,20.07,2631,1,0
2024-03-13,20.06,20.1,19.98,20.04,2913,1,0
2024-03-14,20.06,20.08,19.84,19.95,3657,0,0
2024-03-15,19.88,19.92,19.79,19.83,3652,1,0
2024-03-18,20.01,20.04,19.93,19.93,2304,1,0
2024-03-19,19.89,20.07,19.88,20.06,4145,1,0
2024-03-20,19.99,20.21,19.97,20.19,4718,0,0
2024-03-21,20.31,20.36,20.28,20.29,2111,1,0
2024-03-22,20.29,20.29,20.22,20.25,1948,1,0
2024-03-25,20.2,20.23,20.18,20.18,1438,1,0
2024-03-26,20.24,20.26,20.14,20.14,1433,1,0
2024-03-27,20.26,20.33,20.19,20.32,1808,1,0
2024-03-28,20.33,20.39,20.33,20.37,1470,1,0
2024-04-01,20.35,20.38,20.24,20.29,1428,1,0
2024-04-02,20.12,20.14,20.05,20.13,1542,1,0
2024-04-03,20.1,20.22,20.1,20.16,2483,1,0
2024-04-04,20.32,20.34,19.91,19.92,4338,1,0
2024-04-05,19.98,20.2,19.96,20.13,4363,1,0
2024-04-08,20.17,20.2,20.12,20.14,2234,1,0
2024-04-09,20.22,20.23,19.98,20.16,3270,1,0
2024-04-10,19.89,20.04,19.87,19.98,6119,0,0
2024-04-11,19.99,20.15,19.87,20.11,3856,1,0
2024-04-12,19.97,20.0,19.73,19.79,5133,1,0
2024-04-15,19.94,19.97,19.5,19.55,4912,1,0
2024-04-16,19.53,19.61,19.45,19.5,6604,1,0
2024-04-17,19.59,19.61,19.33,19.4,10224,1,0
2024-04-18,19.42,19.53,19.3,19.33,7839,0,0
2024-04-19,19.33,19.38,19.14,19.19,7605,1,0
2024-04-22,19.27,19.47,19.2,19.35,3829,1,0
2024-04-23,19.44,19.64,19.42,19.59,3032,1,0
2024-04-24,19.63,19.68,19.51,19.62,3427,1,0
2024-04-25,19.36,19.56,19.28,19.52,3781,1,0
2024-04-26,19.61,19.77,19.59,19.72,2773,1,0
2024-04-29,19.79,19.81,19.67,19.78,2602,1,0
2024-04-30,19.69,19.75,19.47,19.47,3501,1,0
2024-05-01,19.44,19.72,19.38,19.41,7307,1,0
2024-05-02,19.55,19.64,19.38,19.58,4239,1,0
2024-05-03,19.84,19.89,19.74,19.83,4315,1,0
2024-05-06,19.93,20.05,19.92,20.05,1771,1,0
2024-05-07,20.1,20.13,20.05,20.08,2032,1,0
2024-05-08,20.0,20.08,19.98,20.08,1701,1,0
2024-05-09,20.07,20.18,20.04,20.17,2010,1,0
2024-05-10,20.24,20.27,20.15,20.21,3542,1,0
2024-05-13,20.26,20.26,20.16,20.19,3389,1,0
2024-05-14,20.24,20.32,20.2,20.32,4062,1,0
2024-05-15,20.42,20.57,20.37,20.56,4857,1,0
2024-05-16,20.57,20.61,20.51,20.52,3831,1,0
2024-05-17,20.51,20.52,20.45,20.51,2910,1,0
2024-05-20,20.54,20.61,20.52,20.54,1720,1,0
2024-05-21,20.52,20.6,20.52,20.59,1253,1,0
2024-05-22,20.56,20.59,20.44,20.5,3360,1,0
2024-05-23,20.61,20.61,20.31,20.35,7238,1,0
2024-05-24,20.43,20.53,20.37,20.49,3277,1,0
2024-05-28,20.54,20.54,20.39,20.47,5089,1,0
2024-05-29,20.32,20.39,20.31,20.33,5434,0,0
2024-05-30,20.3,20.32,20.18,20.23,5044,1,0
2024-05-31,20.26,20.37,20.06,20.37,4976,1,0
2024-06-03,20.46,20.47,20.2,20.38,3399,1,0
2024-06-04,20.33,20.43,20.27,20.39,5291,1,0
2024-06-05,20.47,20.64,20.4,20.63,4038,1,0
2024-06-06,20.64,20.66,20.56,20.62,4647,1,0
2024-06-07,20.55,20.69,20.51,20.59,5826,1,0
2024-06-10,20.53,20.67,20.53,20.63,4212,1,0
2024-06-11,20.55,20.69,20.5,20.68,2917,1,0
2024-06-12,20.91,21.0,20.84,20.9,6106,1,0
2024-06-13,20.92,20.93,20.78,20.92,3541,1,0
2024-06-14,20.82,20.86,20.76,20.86,2086,1,0
2024-06-17,20.84,21.09,20.82,21.03,3295,1,0
2024-06-18,21.05,21.1,21.03,21.09,2867,1,0
2024-06-20,21.1,21.15,20.96,21.03,3536,1,0
2024-06-21,20.99,21.04,20.94,21.01,3687,1,0
2024-06-24,21.01,21.12,20.96,20.97,3238,1,0
2024-06-25,20.98,21.04,20.94,21.03,2442,1,0
2024-06-26,20.89,21.0,20.88,20.99,2291,1,0
2024-06-27,20.97,21.03,20.95,21.0,3816,1,0
2024-06-28,21.05,21.17,20.9,20.96,3699,1,0
2024-07-01,21.02,21.02,20.88,20.98,2938,1,0
2024-07-02,20.93,21.11,20.93,21.11,2855,1,0
2024-07-03,21.12,21.21,21.09,21.21,1287,1,0
2024-07-05,21.2,21.32,21.17,21.31,2016,1,0
2024-07-08,21.35,21.37,21.29,21.32,2398,1,0
2024-07-09,21.35,21.39,21.32,21.34,3377,1,0
2024-07-10,21.39,21.55,21.37,21.55,2174,1,0
2024-07-11,21.59,21.63,21.41,21.45,3796,1,0
2024-07-12,21.5,21.72,21.47,21.56,2547,1,0
2024-07-15,21.66,21.79,21.6,21.64,3286,1,0
2024-07-16,21.73,21.86,21.71,21.86,3192,1,0
2024-07-17,21.63,21.7,21.53,21.55,4184,0,0
2024-07-18,21.57,21.65,21.27,21.34,5886,1,0
2024-07-19,21.31,21.4,21.18,21.19,5215,1,0
2024-07-22,21.34,21.46,21.28,21.44,5993,1,0
2024-07-23,21.42,21.53,21.41,21.41,4607,1,0
2024-07-24,21.26,21.26,20.9,20.92,4635,1,0
2024-07-25,20.93,21.21,20.81,20.87,9344,1,0
2024-07-26,21.0,21.21,21.0,21.09,8567,1,0
2024-07-29,21.13,21.22,21.03,21.1,6925,1,0
2024-07-30,21.18,21.22,20.88,21.05,7678,1,0
2024-07-31,21.25,21.47,21.21,21.33,8354,1,0
2024-08-01,21.42,21.49,20.86,20.99,10815,1,0
2024-08-02,20.65,20.72,20.4,20.57,15613,1,0
2024-08-05,19.72,20.22,19.69,19.96,16647,1,0
2024-08-06,20.04,20.45,19.99,20.17,13220,1,0
2024-08-07,20.42,20.53,20.0,20.01,12893,1,0
2024-08-08,20.22,20.52,20.13,20.46,10523,1,0
2024-08-09,20.47,20.63,20.4,20.58,8423,1,0
2024-08-12,20.61,20.66,20.49,20.54,7378,1,0
2024-08-13,20.69,20.91,20.68,20.9,4692,1,0
2024-08-14,20.95,21.01,20.83,20.99,5641,1,0
2024-08-15,21.22,21.35,21.18,21.3,3582,1,0
2024-08-16,21.29,21.41,21.28,21.37,5137,1,0
2024-08-19,21.41,21.58,21.37,21.58,2804,1,0
2024-08-20,21.58,21.63,21.48,21.53,3885,1,0
2024-08-21,21.58,21.68,21.52,21.64,4958,1,0
2024-08-22,21.71,21.73,21.42,21.43,7637,1,0
2024-08-23,21.57,21.75,21.55,21.73,8440,1,0
2024-08-26,21.78,21.8,21.62,21.65,7080,1,0
2024-08-27,21.61,21.71,21.57,21.69,5150,1,0
2024-08-28,21.68,21.69,21.44,21.57,7149,1,0
2024-08-29,21.64,21.78,21.54,21.57,9796,1,0
2024-08-30,21.67,21.79,21.53,21.78,7707,1,0
2024-09-03,21.66,21.66,21.22,21.29,8369,1,0
2024-09-04,21.24,21.4,21.21,21.29,8830,1,0
2024-09-05,21.27,21.36,21.11,21.17,8289,0,0
2024-09-06,21.26,21.29,20.82,20.84,11499,1,0
2024-09-09,21.01,21.13,20.94,21.07,5994,1,0
2024-09-10,21.14,21.16,20.94,21.16,5455,1,0
2024-09-11,21.11,21.39,20.8,21.38,9603,1,0
2024-09-12,21.38,21.56,21.29,21.53,6643,1,0
2024-09-13,21.59,21.73,21.59,21.69,4550,1,0
2024-09-16,21.69,21.75,21.61,21.74,3956,1,0
2024-09-17,21.82,21.89,21.67,21.75,6290,1,0
2024-09-18,21.75,21.99,21.67,21.7,12093,1,0
2024-09-19,22.06,22.15,21.95,22.07,5323,0,0
2024-09-20,22.02,22.07,21.91,22.02,4687,1,0
2024-09-23,22.04,22.11,22.02,22.07,3886,1,0
2024-09-24,22.09,22.13,22.0,22.12,3872,1,0
2024-09-25,22.08,22.09,21.96,21.99,2699,1,0
2024-09-26,22.16,22.18,22.01,22.1,3955,1,0
2024-09-27,22.15,22.18,22.03,22.08,4301,1,0
2024-09-30,22.05,22.18,21.94,22.17,3937,1,0
2024-10-01,22.1,22.1,21.85,21.95,9924,1,0
2024-10-02,21.88,22.0,21.82,21.97,5618,1,0
2024-10-03,21.9,21.99,21.83,21.92,7920,1,0
2024-10-04,22.08,22.14,21.94,22.13,7160,1,0
2024-10-07,22.05,22.08,21.88,21.92,6359,1,0
2024-10-08,22.01,22.14,21.96,22.12,5521,1,0
2024-10-09,22.1,22.29,22.09,22.28,4716,1,0
2024-10-10,22.19,22.28,22.13,22.23,5226,1,0
2024-10-11,22.25,22.41,22.25,22.39,531,2,0
2024-10-14,22.43,22.6,22.43,22.57,757,2,0
2024-10-15,22.58,22.59,22.37,22.4,916,2,0
2024-10-16,22.41,22.54,22.4,22.52,591,2,0
2024-10-17,22.63,22.64,22.52,22.52,797,2,0
2024-10-18,22.56,22.64,22.54,22.61,741,2,0
2024-10-21,22.59,22.6,22.43,22.53,703,1,0
2024-10-22,22.43,22.56,22.42,22.53,654,2,0
2024-10-23,22.44,22.46,22.18,22.31,981,2,0
2024-10-24,22.36,22.4,22.27,22.37,817,2,0
2024-10-25,22.49,22.56,22.32,22.34,1143,2,0
2024-10-28,22.47,22.51,22.44,22.45,673,2,0
2024-10-29,22.37,22.52,22.35,22.47,1067,2,0
2024-10-30,22.46,22.56,22.4,22.41,1014,2,0
2024-10-31,22.23,22.27,22.04,22.04,949,2,0
2024-11-01,22.11,22.27,22.08,22.08,1168,2,0
2024-11-04,22.09,22.16,21.99,22.03,1440,2,0
2024-11-05,22.12,22.32,22.12,22.32,736,2,0
2024-11-06,22.84,22.98,22.71,22.94,1089,2,0
2024-11-07,23.04,23.17,23.03,23.12,679,2,0
2024-11-08,23.15,23.28,23.14,23.23,526,2,0
2024-11-11,23.33,23.34,23.23,23.28,643,2,0
2024-11-12,23.27,23.31,23.11,23.2,592,2,0
2024-11-13,23.23,23.29,23.14,23.19,839,2,0
2024-11-14,23.21,23.22,23.0,23.02,902,2,0
2024-11-15,22.9,22.91,22.66,22.73,838,2,0
2024-11-18,22.73,22.88,22.72,22.82,665,2,0
2024-11-19,22.71,22.95,22.66,22.93,853,2,0
2024-11-20,22.94,22.96,22.72,22.94,904,2,0
2024-11-21,23.07,23.16,22.87,23.11,1160,2,0
2024-11-22,23.12,23.24,23.11,23.24,1128,2,0
2024-11-25,23.38,23.45,23.25,23.33,903,2,0
2024-11-26,23.37,23.44,23.32,23.43,781,2,0
2024-11-27,23.41,23.44,23.28,23.35,666,2,0
2024-11-29,23.4,23.52,23.4,23.48,271,2,0
2024-12-02,23.51,23.55,23.47,23.52,542,2,0
2024-12-03,23.51,23.53,23.46,23.52,505,2,0
2024-12-04,23.6,23.69,23.59,23.68,534,2,0
2024-12-05,23.69,23.7,23.61,23.61,536,2,0
2024-12-06,23.68,23.72,23.65,23.69,523,2,0
2024-12-09,23.68,23.68,23.52,23.53,581,2,0
2024-12-10,23.53,23.56,23.42,23.43,494,2,0
2024-12-11,23.49,23.58,23.48,23.55,443,2,0
2024-12-12,23.5,23.53,23.42,23.42,495,2,0
2024-12-13,23.47,23.51,23.34,23.4,532,2,0
2024-12-16,23.46,23.54,23.44,23.49,487,2,0
2024-12-17,23.38,23.42,23.33,23.39,565,2,0
2024-12-18,23.37,23.45,22.63,22.7,1292,2,0
2024-12-19,22.87,22.92,22.63,22.65,1392,2,0
2024-12-20,22.55,23.07,22.51,22.86,1600,2,0
2024-12-23,22.91,23.03,22.75,23.02,1000,2,0
2024-12-24,23.04,23.25,23.04,23.25,393,2,0
2024-12-26,23.2,23.31,23.14,23.28,729,2,0
2024-12-27,23.12,23.14,22.86,23.01,1166,2,0
2024-12-30,22.72,22.9,22.61,22.79,1329,2,0
2024-12-31,22.83,22.86,22.63,22.67,1198,2,0
2025-01-02,22.83,22.9,22.49,22.63,1603,2,0
2025-01-03,22.78,22.96,22.72,22.94,873,2,0
2025-01-06,23.1,23.25,23.01,23.05,965,2,0
2025-01-07,23.16,23.17,22.73,22.81,1337,2,0
2025-01-08,22.79,22.88,22.66,22.83,1445,2,0
2025-01-10,22.62,22.68,22.41,22.5,1417,2,0
2025-01-13,22.29,22.54,22.28,22.53,1036,1,0
2025-01-14,22.62,22.68,22.43,22.56,999,2,0
2025-01-15,22.94,23.04,22.87,23.0,906,2,0
2025-01-16,23.02,23.07,22.93,22.98,813,2,0
2025-01-17,23.17,23.26,23.13,23.19,713,2,0
2025-01-21,23.32,23.42,23.25,23.41,668,2,0
2025-01-22,23.53,23.59,23.51,23.54,545,2,0
2025-01-23,23.5,23.64,23.5,23.64,516,2,0
2025-01-24,23.67,23.7,23.55,23.59,611,2,0
2025-01-27,23.18,23.29,23.13,23.24,1189,2,0
2025-01-28,23.27,23.49,23.18,23.45,816,2,0
2025-01-29,23.42,23.45,23.25,23.36,1464,2,0
2025-01-30,23.47,23.56,23.34,23.48,1104,2,0
2025-01-31,23.6,23.68,23.34,23.37,1203,2,0
2025-02-03,23.0,23.29,22.9,23.2,1963,2,0
2025-02-04,23.18,23.37,23.18,23.36,714,2,0
2025-02-05,23.32,23.46,23.25,23.46,627,2,0
2025-02-06,23.51,23.54,23.39,23.53,595,2,0
2025-02-07,23.57,23.61,23.3,23.32,1316,2,0
2025-02-10,23.45,23.49,23.39,23.46,634,2,0
2025-02-11,23.39,23.48,23.37,23.45,780,2,0
2025-02-12,23.2,23.43,23.2,23.38,871,2,0
2025-02-13,23.45,23.63,23.39,23.63,729,2,0
2025-02-14,23.65,23.68,23.6,23.65,586,2,0
2025-02-18,23.66,23.69,23.59,23.69,567,2,0
2025-02-19,23.64,23.76,23.62,23.73,535,2,0
2025-02-20,23.69,23.69,23.48,23.62,704,2,0
2025-02-21,23.6,23.61,23.15,23.17,864,2,0
2025-02-24,23.25,23.28,23.01,23.04,952,2,0
2025-02-25,23.02,23.08,22.75,22.94,1217,2,0
2025-02-26,22.99,23.15,22.85,22.93,1143,2,0
2025-02-27,23.04,23.08,22.58,22.58,1714,2,0
2025-02-28,22.56,22.93,22.49,22.93,1967,2,0
2025-03-03,23.04,23.07,22.36,22.5,2053,2,0
2025-03-04,22.29,22.57,22.03,22.23,3319,2,0
2025-03-05,22.25,22.55,22.1,22.49,3748,2,0
2025-03-06,22.16,22.37,21.96,22.06,2539,2,0
2025-03-07,22.02,22.23,21.77,22.2,2872,2,0
2025-03-10,21.89,21.93,21.37,21.55,3317,2,0
2025-03-11,21.53,21.68,21.25,21.44,3850,2,0
2025-03-12,21.69,21.7,21.32,21.53,3234,2,0
2025-03-13,21.48,21.52,21.15,21.2,1992,2,0
2025-03-14,21.41,21.71,21.39,21.7,1484,2,0
2025-03-17,21.69,21.96,21.68,21.86,1320,2,0
2025-03-18,21.75,21.76,21.55,21.62,1269,2,0
2025-03-19,21.67,22.02,21.65,21.86,1308,2,0
2025-03-20,21.73,22.01,21.73,21.81,1079,2,0
2025-03-21,21.61,21.83,21.58,21.83,1105,2,0
2025-03-24,22.07,22.26,22.07,22.25,788,2,0
2025-03-25,22.28,22.31,22.2,22.26,797,2,0
2025-03-26,22.2,22.24,21.88,21.95,1032,2,0
2025-03-27,21.87,22.01,21.77,21.86,1122,2,0
2025-03-28,21.76,21.82,21.38,21.42,1050,2,0
2025-03-31,21.17,21.58,21.05,21.54,1804,2,0
2025-04-01,21.41,21.67,21.3,21.6,2061,2,0
2025-04-02,21.38,21.86,21.38,21.79,2222,2,0
2025-04-03,21.03,21.09,20.67,20.68,2973,2,0
2025-04-04,20.13,20.13,19.43,19.45,6687,2,0
2025-04-07,18.78,20.13,18.51,19.38,17893,2,0
2025-04-08,20.0,20.18,18.8,19.05,6679,2,0
2025-04-09,19.02,21.0,18.92,20.89,14499,2,0
2025-04-10,20.4,20.49,19.57,20.15,10279,1,0
2025-04-11,20.05,20.58,19.95,20.5,6795,2,0
2025-04-14,20.81,20.87,20.48,20.67,3863,2,0
2025-04-15,20.71,20.86,20.61,20.65,2254,2,0
2025-04-16,20.47,20.56,20.0,20.23,3585,1,0
2025-04-17,20.28,20.43,20.15,20.25,3384,2,0
2025-04-21,20.05,20.06,19.57,19.8,1317,2,0
2025-04-22,20.0,20.37,19.98,20.29,1993,0,0
2025-04-23,20.84,21.01,20.55,20.65,3939,2,0
2025-04-24,20.67,21.08,20.62,21.07,1382,2,0
2025-04-25,21.03,21.21,20.93,21.2,2143,2,0
2025-04-28,21.25,21.32,20.98,21.25,2201,2,0
2025-04-29,21.18,21.39,21.14,21.35,1302,2,0
2025-04-30,21.0,21.41,20.84,21.36,1957,2,0
2025-05-01,21.52,21.71,21.49,21.49,1276,2,0
2025-05-02,21.75,21.89,21.65,21.82,1152,2,0
2025-05-05,21.66,21.83,21.64,21.7,974,2,0
2025-05-06,21.51,21.7,21.45,21.57,1057,2,0
2025-05-07,21.6,21.71,21.42,21.62,1845,2,0
2025-05-08,21.78,21.99,21.65,21.79,1219,2,0
2025-05-09,21.87,21.89,21.71,21.76,1047,2,0
2025-05-12,22.39,22.48,22.27,22.48,1278,2,0
2025-05-13,22.51,22.74,22.51,22.67,668,1,0
2025-05-14,22.7,22.73,22.6,22.67,784,2,0
2025-05-15,22.62,22.78,22.56,22.75,813,2,0
2025-05-16,22.77,22.93,22.73,22.93,770,2,0
2025-05-19,22.7,22.96,22.69,22.93,980,2,0
2025-05-20,22.87,22.91,22.74,22.84,1374,2,0
2025-05-21,22.73,22.83,22.41,22.48,1599,2,0
2025-05-22,22.46,22.6,22.39,22.46,1541,2,0
2025-05-23,22.2,22.41,22.19,22.34,2200,2,0
2025-05-27,22.57,22.79,22.52,22.77,713,2,0
2025-05-28,22.8,22.84,22.62,22.64,788,2,0
2025-05-29,22.81,22.81,22.58,22.73,1304,2,0
2025-05-30,22.66,22.77,22.47,22.74,1076,2,0
2025-06-02,22.67,22.82,22.52,22.81,994,2,0
2025-06-03,22.83,23.01,22.8,22.99,690,2,0
2025-06-04,23.02,23.05,22.95,22.99,776,2,0
2025-06-05,23.01,23.1,22.8,22.85,1349,2,0
2025-06-06,23.1,23.17,23.03,23.13,778,2,0
2025-06-09,23.12,23.21,23.1,23.15,740,2,0
2025-06-10,23.17,23.28,23.12,23.26,819,2,0
2025-06-11,23.27,23.35,23.12,23.19,873,2,0
2025-06-12,23.13,23.27,23.12,23.26,683,2,0
2025-06-13,23.12,23.19,22.94,22.97,1022,2,0
2025-06-16,23.17,23.29,23.16,23.2,702,0,0
2025-06-17,23.14,23.18,23.0,23.03,874,2,0
2025-06-18,23.04,23.18,23.0,23.03,1122,2,0
2025-06-20,23.13,23.18,22.93,22.98,1087,2,0
2025-06-23,22.98,23.22,22.87,23.22,1257,2,0
2025-06-24,23.38,23.51,23.35,23.48,634,2,0
2025-06-25,23.45,23.46,23.34,23.38,606,2,0
2025-06-26,23.48,23.6,23.44,23.6,777,2,0
2025-06-27,23.65,23.76,23.55,23.7,737,2,0
2025-06-30,23.77,23.86,23.71,23.84,581,2,0
2025-07-01,23.77,23.87,23.73,23.82,864,2,0
2025-07-02,23.79,23.94,23.78,23.94,555,2,0
2025-07-03,24.05,24.17,24.04,24.14,295,2,0
2025-07-07,24.06,24.08,23.84,23.94,889,2,0
2025-07-08,23.97,24.01,23.91,23.94,822,2,0
2025-07-09,24.06,24.11,23.96,24.1,643,2,0
2025-07-10,24.09,24.21,24.05,24.16,546,2,0
2025-07-11,24.05,24.11,24.0,24.06,582,2,0
2025-07-14,24.02,24.13,24.0,24.12,641,2,0
2025-07-15,24.23,24.23,24.0,24.0,630,2,0
2025-07-16,24.04,24.1,23.82,24.08,1049,2,0
2025-07-17,24.11,24.26,24.1,24.25,776,2,0
2025-07-18,24.3,24.3,24.18,24.22,697,2,0
2025-07-21,24.28,24.37,24.24,24.24,593,2,0
2025-07-22,24.25,24.3,24.15,24.3,555,2,0
2025-07-23,24.36,24.47,24.32,24.47,547,2,0
2025-07-24,24.47,24.53,24.47,24.49,506,2,0
2025-07-25,24.5,24.6,24.48,24.58,440,2,0
2025-07-28,24.6,24.62,24.52,24.57,603,2,0
2025-07-29,24.63,24.64,24.47,24.49,631,2,0
2025-07-30,24.52,24.61,24.36,24.47,822,2,0
2025-07-31,24.61,24.67,24.33,24.36,1045,2,0
2025-08-01,24.09,24.09,23.85,23.97,1245,2,0
2025-08-04,24.14,24.33,24.14,24.33,812,2,0
2025-08-05,24.34,24.39,24.17,24.22,1084,2,0
2025-08-06,24.25,24.41,24.21,24.38,952,1,0
2025-08-07,24.53,24.56,24.25,24.35,976,2,0
2025-08-08,24.45,24.55,24.43,24.52,571,2,0
2025-08-11,24.54,24.6,24.43,24.45,556,2,0
2025-08-12,24.56,24.78,24.53,24.78,634,2,0
2025-08-13,24.86,24.91,24.8,24.89,622,2,0
2025-08-14,24.77,24.88,24.76,24.88,781,2,0
2025-08-15,24.87,24.89,24.76,24.8,649,2,0
2025-08-18,24.78,24.82,24.76,24.82,495,2,0
2025-08-19,24.78,24.84,24.61,24.64,616,1,0
2025-08-20,24.62,24.63,24.39,24.59,824,2,0
2025-08-21,24.49,24.59,24.44,24.49,730,2,0
2025-08-22,24.59,24.98,24.59,24.91,1303,2,0
2025-08-25,24.87,24.91,24.82,24.82,553,2,0
2025-08-26,24.82,24.93,24.79,24.92,522,2,0
2025-08-27,24.92,25.01,24.92,25.01,497,2,0
2025-08-28,25.04,25.1,24.96,25.09,562,2,0
2025-08-29,25.04,25.04,24.86,24.92,649,2,0
2025-09-02,24.58,24.76,24.55,24.76,773,2,0
2025-09-03,24.83,24.89,24.75,24.84,723,2,0
2025-09-04,24.9,25.08,24.86,25.08,538,2,0
2025-09-05,25.21,25.23,24.87,25.02,1043,2,0
2025-09-08,25.08,25.13,25.04,25.09,588,2,0
2025-09-09,25.11,25.16,25.02,25.15,568,2,0
2025-09-10,25.25,25.3,25.14,25.21,644,2,0
2025-09-11,25.29,25.46,25.26,25.45,598,2,0
2025-09-12,25.42,25.47,25.38,25.41,649,2,0
2025-09-15,25.49,25.54,25.47,25.51,495,2,0
2025-09-16,25.54,25.55,25.45,25.5,469,0,0
2025-09-17,25.51,25.6,25.27,25.45,1538,1,0
2025-09-18,25.58,25.71,25.53,25.63,607,2,0
2025-09-19,25.68,25.75,25.6,25.74,508,2,0
2025-09-22,25.67,25.85,25.65,25.84,509,2,0
2025-09-23,25.84,25.87,25.66,25.69,625,2,0
2025-09-24,25.67,25.67,25.48,25.53,636,2,0
2025-09-25,25.36,25.44,25.25,25.39,953,2,0
2025-09-26,25.44,25.56,25.39,25.55,897,2,0
2025-09-29,25.64,25.67,25.56,25.6,593,2,0
2025-09-30,25.6,25.71,25.52,25.71,730,2,0
2025-10-01,25.63,25.81,25.59,25.8,632,2,0
2025-10-02,25.86,25.87,25.72,25.83,637,2,0
2025-10-03,25.89,25.98,25.8,25.83,732,2,0
2025-10-06,25.94,25.98,25.85,25.94,610,2,0
2025-10-07,25.98,25.98,25.75,25.81,771,2,0
2025-10-08,25.87,25.98,25.83,25.98,492,2,0
2025-10-09,26.0,26.0,25.82,25.88,630,2,0
2025-10-10,25.95,26.0,25.18,25.19,2928,2,0
2025-10-13,25.52,25.65,25.46,25.6,1127,2,0
2025-10-14,25.34,25.72,25.21,25.59,1392,2,0
2025-10-15,25.77,25.91,25.46,25.69,1141,2,0
2025-10-16,25.8,25.83,25.37,25.49,1845,2,0
2025-10-17,25.47,25.67,25.39,25.63,1633,2,0
2025-10-20,25.79,25.94,25.79,25.91,605,2,0
2025-10-21,25.9,25.98,25.85,25.93,669,2,0
2025-10-22,25.9,25.92,25.56,25.73,1649,2,0
2025-10-23,25.77,25.96,25.76,25.92,802,2,0
2025-10-24,26.09,26.19,26.09,26.13,579,2,0
2025-10-27,26.35,26.44,26.33,26.43,504,2,0
2025-10-28,26.49,26.53,26.4,26.47,575,2,0
2025-10-29,26.51,26.56,26.3,26.42,1633,2,0
2025-10-30,26.3,26.41,26.17,26.17,1099,2,0
2025-10-31,26.33,26.36,26.15,26.28,999,2,0
2025-11-03,26.37,26.37,26.16,26.29,728,2,0
2025-11-04,26.0,26.16,25.95,25.97,1132,2,0
2025-11-05,25.97,26.21,25.95,26.08,743,2,0
2025-11-06,26.06,26.08,25.72,25.77,1237,2,0
2025-11-07,25.63,25.83,25.44,25.83,1261,2,0
2025-11-10,26.11,26.26,26.0,26.23,720,2,0
2025-11-11,26.19,26.3,26.13,26.26,739,2,0
2025-11-12,26.33,26.37,26.21,26.27,805,2,0
2025-11-13,26.17,26.19,25.77,25.8,1315,2,0
2025-11-14,25.54,25.97,25.48,25.8,1342,2,0
2025-11-17,25.72,25.88,25.42,25.54,1317,2,0
2025-11-18,25.37,25.55,25.19,25.37,1993,2,0
2025-11-19,25.38,25.63,25.3,25.45,1408,2,0
2025-11-20,25.88,25.94,25.03,25.04,2719,2,0
2025-11-21,25.12,25.53,24.98,25.3,3056,2,0
2025-11-24,25.49,25.75,25.42,25.72,962,2,0
2025-11-25,25.72,26.02,25.56,25.99,1194,2,0
2025-11-26,26.08,26.24,26.05,26.18,853,2,0
2025-11-28,26.21,26.3,26.2,26.3,321,2,0
2025-12-01,26.13,26.29,26.11,26.15,877,2,0
2025-12-02,26.26,26.32,26.15,26.22,864,2,0
2025-12-03,26.19,26.37,26.17,26.34,740,2,0
2025-12-04,26.37,26.39,26.26,26.36,880,2,0
2025-12-05,26.44,26.53,26.38,26.41,676,2,0
2025-12-08,26.44,26.45,26.27,26.31,700,2,0
2025-12-09,26.32,26.42,26.31,26.31,737,2,0
2025-12-10,26.21,26.49,26.18,26.43,1701,2,0
2025-12-11,26.34,26.52,26.25,26.5,879,2,0
2025-12-12,26.49,26.5,26.13,26.2,1672,2,0
2025-12-15,26.33,26.35,26.1,26.16,1332,2,0
2025-12-16,26.14,26.17,25.93,26.11,1577,2,0
2025-12-17,26.13,26.14,25.79,25.79,1571,2,0
2025-12-18,26.07,26.16,25.93,25.99,1557,2,0
2025-12-19,26.11,26.25,26.1,26.22,1238,2,0
2025-12-22,26.38,26.43,26.33,26.41,606,2,0
2025-12-23,26.41,26.5,26.37,26.5,559,2,0
2025-12-24,26.51,26.6,26.5,26.59,248,2,0
2025-12-26,26.59,26.62,26.54,26.58,514,2,0
2025-12-29,26.48,26.54,26.41,26.47,627,2,0
2025-12-30,26.46,26.5,26.43,26.44,567,2,0
2025-12-31,26.43,26.44,26.24,26.24,592,2,0
